0000000000000000000000000000000000000000000000000000
0001010000001100101001101000101010111000011101001000
0010111101000100000101000101100010000010001010100000
0010001001110001001011001110000001000000110001000100
0100000110011010000010010000010000000000100110000010
0010010011000001100011000101100001010001110011001110
0010100001101000110001001101010011001111100000010100
0001010000100001100000100001000001000011000110000000
0001100100101001001001001011100110000111000001010000
0000000000010111010101010000000110000000000111100010
0001101010100000000100000010000110110011100001010000
0000100100001001011000000100101001001000001100000010
0000000001000010100101110001001110001010001110010000
0010001010110100011000000001001010110101101001000000
0111001000100100010101011011010000000010010001000010
0110101111101110000000001101110000000000000010101000
0100100000001000000010001000100000100100000000011000
0000000110000110001000101010100010001101100010001000
0100001101111101001000110000010110110000000000100000
0000100001010010000011001110010001100100100010100000
0000011000001000100000100000111000000110000000000100
0101000000010010001101001000001010000010110010100110
0000010000100000111000111010100010000000101000010100
0000100010011000000111101000100001000010000110010000
0110101000100010111100000101100010101010001010100000
0000100000101000100000110010101000000010101011110110
0000111010110111100000100110000010111010001000000010
0110100000000011010010000101010000101110000110000010
0100001101001010010111000001010000010000101101101000
0100010000000010110110111000011100111110011110010010
0000000110000101011011101000000110000000100000001000
0101000110010101100001110100100011010110100111010010
0001000011101000010001101000100001101010101010110100
0000100010011101100000000001101010000100010111000000
0001100001010000001000110000010001110000000000000110
0001010011000100110010000000010001110100101010011100
0100100000000000000000010101111000001011011001000100
0000110100000101001100100001100010001000100101010010
0100100001110100100000010000001100001001110000001000
0010101101000010000001010100001111000011000010110010
0001000100100010010100000100000100111011100110100000
0001000001000001000001101100010000110101010000001110
0011100101101111100011101100011010011000011100010000
0001100010010000110010001111001100001010101110000100
0000011100011010011010111001100001100100100000010100
0100100001001100100001101001000110100011000111010000
0000000011110010000000000101100011010010000011000010
0001001111001000001011000000001111010110000011010000
0000101101000000100110111001000000000001100100011000
0000100001000000000101000101100110011010000010100000
0101011001100001100100101011011011100000000001000100
0000000000000000000000000000000000000000000000000000
Con 10 iteraciones existen
2 posibles Flip Flops
 0 posibles Gliders
 1 posibles Still Lifes
